#####SIGNATURE DECOMPOSITION REPORT
###./uploads/mutalisk_input_TCGA-85-6560.HcQhu3ih8e_whole_sig.txt	./uploads/mutalisk_input_TCGA-85-6560.HcQhu3ih8e_whole_sig.txt
**NUM_MUTATIONS 476
**MUT_SUBCLASSES AC>AA AC>AC AC>AG AC>AT CC>AA CC>AC CC>AG CC>AT GC>AA GC>AC GC>AG GC>AT TC>AA TC>AC TC>AG TC>AT AC>GA AC>GC AC>GG AC>GT CC>GA CC>GC CC>GG CC>GT GC>GA GC>GC GC>GG GC>GT TC>GA TC>GC TC>GG TC>GT AC>TA AC>TC AC>TG AC>TT CC>TA CC>TC CC>TG CC>TT GC>TA GC>TC GC>TG GC>TT TC>TA TC>TC TC>TG TC>TT AT>AA AT>AC AT>AG AT>AT CT>AA CT>AC CT>AG CT>AT GT>AA GT>AC GT>AG GT>AT TT>AA TT>AC TT>AG TT>AT AT>CA AT>CC AT>CG AT>CT CT>CA CT>CC CT>CG CT>CT GT>CA GT>CC GT>CG GT>CT TT>CA TT>CC TT>CG TT>CT AT>GA AT>GC AT>GG AT>GT CT>GA CT>GC CT>GG CT>GT GT>GA GT>GC GT>GG GT>GT TT>GA TT>GC TT>GG TT>GT
**THIS_SPECTRUM 0.01891 0.02521 0.0105 0.01261 0.02521 0.03571 0.0084 0.02311 0.01681 0.02101 0.01681 0.02521 0.0084 0.01471 0.01471 0.02311 0.0063 0.0042 0.0042 0.0084 0.0084 0.0084 0.0021 0.0063 0.0063 0.0105 0.0021 0.0105 0.02101 0.01261 0.0063 0.03151 0.02101 0.0084 0.02731 0.0084 0.01261 0.0063 0.03151 0.0084 0.01261 0.0105 0.03782 0.02311 0.01471 0.02521 0.0105 0.0105 0.0063 0.0021 0.0063 0.0042 0.0042 0.0021 0.02101 0.0063 0.0084 0 0.0084 0.0021 0.0021 0.0042 0.0105 0.0063 0.01471 0.0021 0.01891 0.0021 0.0063 0.0084 0.02311 0.02521 0.0063 0 0.0084 0.0042 0.0105 0 0.0084 0.0042 0.0021 0.0021 0.0042 0.0021 0.0042 0.0021 0.01261 0.0042 0 0 0 0.0021 0 0.0021 0 0.0063
**THIS_SIGs_NUMBER 5
**THIS_SIGs 1 2 3 6 14
**THIS_SIG_CONTRIBUTIONS 0.06004 0.01927 0.7636 0.0854 0.07169
**MAXLIK_SPECTRUM 0.01605 0.01372 0.00138 0.01533 0.01853 0.02119 0.00216 0.03123 0.00573 0.01003 0.00124 0.01678 0.00649 0.01477 0.0011 0.01851 0.01519 0.00904 2e-04 0.01339 0.01475 0.01079 0.00118 0.01704 0.0097 0.00667 0.00186 0.01126 0.01016 0.01554 4e-04 0.01809 0.01871 0.01255 0.03603 0.01282 0.01385 0.01681 0.02478 0.01888 0.02201 0.0203 0.02869 0.01574 0.01607 0.01294 0.01303 0.01264 0.00429 0.00573 0.00746 0.00495 0.00609 0.01388 0.01013 0.00983 0.0054 0 0.0089 0.00949 0.00544 0.00816 0.00515 0.01023 0.01376 0.00666 0.01065 0.01403 0.00712 0.01169 0.00851 0.01233 0.00869 0 0.00939 0.00867 0.0122 0 0.00581 0.01123 0.00305 0.00223 0.00489 0.00387 0.00335 0.00555 0.00829 0.00556 0 0 0 0.00468 0 0.00491 0 0.00815
**MAXLIK_RESIDUALS	 0.00285 0.01149 0.00912 -0.00273 0.00668 0.01452 0.00624 -0.00812 0.01108 0.01098 0.01557 0.00843 0.00191 -6e-05 0.01361 0.0046 -0.00889 -0.00483 0.004 -0.00499 -0.00635 -0.00238 0.00092 -0.01074 -0.0034 0.00384 0.00024 -0.00076 0.01085 -0.00293 0.0059 0.01342 0.0023 -0.00415 -0.00871 -0.00442 -0.00125 -0.0105 0.00673 -0.01048 -0.0094 -0.0098 0.00912 0.00737 -0.00136 0.01227 -0.00253 -0.00214 0.00201 -0.00363 -0.00115 -0.00075 -0.00189 -0.01178 0.01087 -0.00353 0.003 0 -5e-04 -0.00739 -0.00333 -0.00395 0.00535 -0.00393 0.00095 -0.00456 0.00826 -0.01193 -0.00081 -0.00329 0.0146 0.01288 -0.00239 0 -0.00099 -0.00447 -0.00169 0 0.00259 -0.00703 -0.00095 -0.00013 -0.00069 -0.00177 0.00085 -0.00344 0.00431 -0.00136 0 0 0 -0.00258 0 -0.00281 0 -0.00184
**Goodness_of_fit	 0.525
**Cosine_Similarity	 0.879

