#####SIGNATURE DECOMPOSITION REPORT
###./uploads/mutalisk_input_TCGA-66-2794.HcQhu3ih8e_whole_sig.txt	./uploads/mutalisk_input_TCGA-66-2794.HcQhu3ih8e_whole_sig.txt
**NUM_MUTATIONS 176
**MUT_SUBCLASSES AC>AA AC>AC AC>AG AC>AT CC>AA CC>AC CC>AG CC>AT GC>AA GC>AC GC>AG GC>AT TC>AA TC>AC TC>AG TC>AT AC>GA AC>GC AC>GG AC>GT CC>GA CC>GC CC>GG CC>GT GC>GA GC>GC GC>GG GC>GT TC>GA TC>GC TC>GG TC>GT AC>TA AC>TC AC>TG AC>TT CC>TA CC>TC CC>TG CC>TT GC>TA GC>TC GC>TG GC>TT TC>TA TC>TC TC>TG TC>TT AT>AA AT>AC AT>AG AT>AT CT>AA CT>AC CT>AG CT>AT GT>AA GT>AC GT>AG GT>AT TT>AA TT>AC TT>AG TT>AT AT>CA AT>CC AT>CG AT>CT CT>CA CT>CC CT>CG CT>CT GT>CA GT>CC GT>CG GT>CT TT>CA TT>CC TT>CG TT>CT AT>GA AT>GC AT>GG AT>GT CT>GA CT>GC CT>GG CT>GT GT>GA GT>GC GT>GG GT>GT TT>GA TT>GC TT>GG TT>GT
**THIS_SPECTRUM 0.01136 0.01705 0.01136 0.00568 0.02841 0.01705 0.01705 0.00568 0.02841 0.02841 0.01136 0.01136 0 0.00568 0.01136 0.00568 0.00568 0.00568 0 0 0.01136 0 0.00568 0.00568 0.00568 0.00568 0.01136 0.00568 0.05114 0.02841 0.00568 0.07955 0.01136 0 0.02273 0.00568 0.02841 0.01705 0.03409 0.02841 0.01705 0.03977 0.04545 0.02273 0.0625 0.02273 0.05114 0.02841 0 0.00568 0 0 0 0.00568 0.01705 0.00568 0 0 0.00568 0.00568 0 0.00568 0 0 0.01136 0.00568 0 0 0 0.01136 0.00568 0 0.00568 0 0 0.01136 0 0 0 0 0 0 0 0 0 0 0.00568 0 0 0 0.00568 0 0 0 0 0.00568
**THIS_SIGs_NUMBER 3
**THIS_SIGs 2 3 6
**THIS_SIG_CONTRIBUTIONS 0.0956 0.69288 0.21152
**MAXLIK_SPECTRUM 0.0145 0.01156 0.00123 0.0085 0.01599 0.0184 0.00209 0.01274 0.00504 0.00775 0.00107 0.00719 0 0.01176 0.00103 0.00711 0.01375 0.00818 0 0 0.01338 0 0.00106 0.01546 0.00881 0.00615 0.00168 0.01027 0.00923 0.0141 0.00036 0.01642 0.0234 0 0.02717 0.01307 0.01445 0.01714 0.02762 0.01899 0.03116 0.03276 0.03802 0.02357 0.05777 0.02074 0.01591 0.03582 0 0.0052 0 0 0 0.01247 0.00918 0.00884 0 0 0.00808 0.00858 0 0.00732 0 0 0.01191 0.00562 0 0 0 0.01027 0.00812 0 0.00746 0 0 0.00726 0 0 0 0 0 0 0 0 0 0 0.00762 0 0 0 0.00761 0 0 0 0 0.00749
**MAXLIK_RESIDUALS	 -0.00314 0.00549 0.01014 -0.00282 0.01241 -0.00136 0.01496 -0.00706 0.02337 0.02066 0.0103 0.00417 0 -0.00608 0.01034 -0.00143 -0.00807 -0.0025 0 0 -0.00202 0 0.00462 -0.00978 -0.00313 -0.00047 0.00969 -0.00458 0.04191 0.01431 0.00532 0.06312 -0.01204 0 -0.00444 -0.00739 0.01396 -1e-04 0.00647 0.00942 -0.01412 0.00701 0.00744 -0.00084 0.00473 0.00199 0.03523 -0.00741 0 0.00049 0 0 0 -0.00679 0.00786 -0.00316 0 0 -0.0024 -0.0029 0 -0.00164 0 0 -0.00054 6e-05 0 0 0 0.0011 -0.00244 0 -0.00178 0 0 0.0041 0 0 0 0 0 0 0 0 0 0 -0.00194 0 0 0 -0.00193 0 0 0 0 -0.00181
**Goodness_of_fit	 0.523
**Cosine_Similarity	 0.823

