#####SIGNATURE DECOMPOSITION REPORT
###./uploads/mutalisk_input_TCGA-66-2795.HcQhu3ih8e_whole_sig.txt	./uploads/mutalisk_input_TCGA-66-2795.HcQhu3ih8e_whole_sig.txt
**NUM_MUTATIONS 408
**MUT_SUBCLASSES AC>AA AC>AC AC>AG AC>AT CC>AA CC>AC CC>AG CC>AT GC>AA GC>AC GC>AG GC>AT TC>AA TC>AC TC>AG TC>AT AC>GA AC>GC AC>GG AC>GT CC>GA CC>GC CC>GG CC>GT GC>GA GC>GC GC>GG GC>GT TC>GA TC>GC TC>GG TC>GT AC>TA AC>TC AC>TG AC>TT CC>TA CC>TC CC>TG CC>TT GC>TA GC>TC GC>TG GC>TT TC>TA TC>TC TC>TG TC>TT AT>AA AT>AC AT>AG AT>AT CT>AA CT>AC CT>AG CT>AT GT>AA GT>AC GT>AG GT>AT TT>AA TT>AC TT>AG TT>AT AT>CA AT>CC AT>CG AT>CT CT>CA CT>CC CT>CG CT>CT GT>CA GT>CC GT>CG GT>CT TT>CA TT>CC TT>CG TT>CT AT>GA AT>GC AT>GG AT>GT CT>GA CT>GC CT>GG CT>GT GT>GA GT>GC GT>GG GT>GT TT>GA TT>GC TT>GG TT>GT
**THIS_SPECTRUM 0.0098 0.02451 0.0098 0.0098 0.09559 0.03431 0.02451 0.06618 0.01716 0.02206 0.01471 0.00735 0.03676 0.04902 0.04412 0.01961 0.00735 0.00245 0 0.0049 0.01225 0.00735 0 0.01225 0.00735 0.0049 0.0049 0 0.01225 0.0098 0.00245 0.01225 0.0049 0.0049 0.0098 0.0098 0.01961 0.00735 0.02941 0.00735 0.02206 0.0098 0.02696 0.0049 0.01471 0.02696 0.02451 0.02206 0.00245 0 0.00735 0.00245 0.0049 0.0049 0.01471 0.01471 0.0049 0.00245 0.0049 0.00735 0.00245 0.00245 0.00735 0.0049 0.0049 0.00245 0.0049 0 0.0098 0.0049 0.00735 0.01225 0 0 0.00245 0.01225 0 0 0.00245 0.00245 0 0 0 0 0.00245 0 0 0 0.00245 0 0 0.00245 0 0.00245 0.00245 0.00245
**THIS_SIGs_NUMBER 4
**THIS_SIGs 1 2 3 14
**THIS_SIG_CONTRIBUTIONS 0.05855 0.02968 0.7616 0.15016
**MAXLIK_SPECTRUM 0.01606 0.01467 0.00141 0.02177 0.01961 0.02233 0.00212 0.05078 0.00584 0.01169 0.00129 0.02654 0.00648 0.0166 0.00108 0.03028 0.01511 0.00899 0 0.01335 0.01471 0.01077 0 0.01701 0.00967 0.0066 0.00185 0 0.01013 0.0155 4e-04 0.01807 0.01414 0.01137 0.02731 0.01225 0.01292 0.01561 0.01501 0.01778 0.01532 0.01144 0.01317 0.01019 0.02089 0.01304 0.0093 0.01518 0.00432 0 0.00746 0.00494 0.00608 0.01403 0.01012 0.00989 0.00539 0.00612 0.00887 0.00951 0.00539 0.00826 0.00517 0.01031 0.01452 0.00703 0.01124 0 0.00721 0.01199 0.00838 0.01235 0 0 0.01002 0.00945 0 0 0.00595 0.01128 0 0 0 0 0.00334 0 0 0 0.00338 0 0 0.00478 0 0.00497 0.00618 0.00809
**MAXLIK_RESIDUALS	 -0.00626 0.00984 0.0084 -0.01197 0.07598 0.01198 0.02239 0.01539 0.01132 0.01037 0.01342 -0.01919 0.03028 0.03242 0.04304 -0.01067 -0.00776 -0.00654 0 -0.00845 -0.00246 -0.00341 0 -0.00476 -0.00232 -0.00169 0.00305 0 0.00212 -0.00569 0.00205 -0.00582 -0.00924 -0.00647 -0.01751 -0.00245 0.00669 -0.00826 0.01441 -0.01042 0.00674 -0.00163 0.01379 -0.00528 -0.00619 0.01392 0.01521 0.00688 -0.00187 0 -0.00011 -0.00249 -0.00118 -0.00913 0.00458 0.00481 -0.00049 -0.00367 -0.00397 -0.00216 -0.00294 -0.00581 0.00219 -0.00541 -0.00962 -0.00458 -0.00633 0 0.0026 -0.00709 -0.00103 -1e-04 0 0 -0.00757 0.0028 0 0 -0.0035 -0.00883 0 0 0 0 -0.00089 0 0 0 -0.00093 0 0 -0.00233 0 -0.00252 -0.00373 -0.00564
**Goodness_of_fit	 0.345
**Cosine_Similarity	 0.729

