#####SIGNATURE DECOMPOSITION REPORT
###./uploads/mutalisk_input_TCGA-66-2791.HcQhu3ih8e_whole_sig.txt	./uploads/mutalisk_input_TCGA-66-2791.HcQhu3ih8e_whole_sig.txt
**NUM_MUTATIONS 375
**MUT_SUBCLASSES AC>AA AC>AC AC>AG AC>AT CC>AA CC>AC CC>AG CC>AT GC>AA GC>AC GC>AG GC>AT TC>AA TC>AC TC>AG TC>AT AC>GA AC>GC AC>GG AC>GT CC>GA CC>GC CC>GG CC>GT GC>GA GC>GC GC>GG GC>GT TC>GA TC>GC TC>GG TC>GT AC>TA AC>TC AC>TG AC>TT CC>TA CC>TC CC>TG CC>TT GC>TA GC>TC GC>TG GC>TT TC>TA TC>TC TC>TG TC>TT AT>AA AT>AC AT>AG AT>AT CT>AA CT>AC CT>AG CT>AT GT>AA GT>AC GT>AG GT>AT TT>AA TT>AC TT>AG TT>AT AT>CA AT>CC AT>CG AT>CT CT>CA CT>CC CT>CG CT>CT GT>CA GT>CC GT>CG GT>CT TT>CA TT>CC TT>CG TT>CT AT>GA AT>GC AT>GG AT>GT CT>GA CT>GC CT>GG CT>GT GT>GA GT>GC GT>GG GT>GT TT>GA TT>GC TT>GG TT>GT
**THIS_SPECTRUM 0.01333 0.01333 0.016 0.00267 0.05067 0.01867 0.00267 0.04 0.01867 0.02133 0.02667 0.01067 0.02133 0.02133 0.032 0.02667 0 0.00533 0.00267 0.00267 0.00533 0 0.00267 0.00267 0.008 0.01067 0.01333 0 0.04267 0.024 0.00533 0.04267 0.016 0.01067 0.016 0.008 0.024 0.01333 0.02933 0.016 0.024 0.01333 0.008 0.00267 0.05333 0.01867 0.02933 0.02133 0.00533 0 0.00267 0.00533 0 0.00267 0.01067 0.00267 0 0.00267 0.00533 0.00267 0 0 0 0.00267 0.01067 0.00267 0.01867 0.01867 0 0.00267 0.00267 0.00533 0.01333 0.00533 0.01867 0.00267 0.01333 0.00267 0 0.00267 0 0 0 0.00533 0 0.00267 0.00267 0.00267 0 0 0.01067 0 0.00267 0 0.00267 0
**THIS_SIGs_NUMBER 5
**THIS_SIGs 1 2 3 5 14
**THIS_SIG_CONTRIBUTIONS 0.05297 0.07832 0.68319 0.09324 0.09228
**MAXLIK_SPECTRUM 0.01548 0.01349 0.00142 0.01665 0.0176 0.01978 0.00217 0.03515 0.0061 0.01025 0.00133 0.0191 0.00656 0.01472 0.00119 0.02196 0 0.0086 0.00034 0.01292 0.01384 0 0.00128 0.01615 0.00912 0.0064 0.0018 0 0.00982 0.01461 0.00052 0.01743 0.01521 0.01152 0.02411 0.01246 0.0135 0.01573 0.01483 0.01812 0.01483 0.01193 0.01306 0.01043 0.04819 0.01887 0.01194 0.03107 0.00455 0 0.00753 0.00493 0 0.01296 0.00954 0.00922 0 0.00565 0.00834 0.0088 0 0 0 0.01 0.01681 0.0073 0.01312 0.01626 0 0.0115 0.00927 0.01239 0.0092 0.0053 0.00993 0.00928 0.01265 0.0075 0 0.01172 0 0 0 0.00419 0 0.00537 0.00794 0.0056 0 0 0.00803 0 0.00545 0 0.0062 0
**MAXLIK_RESIDUALS	 -0.00215 -0.00016 0.01458 -0.01398 0.03307 -0.00111 5e-04 0.00485 0.01256 0.01109 0.02534 -0.00843 0.01477 0.00661 0.03081 0.0047 0 -0.00327 0.00232 -0.01025 -0.00851 0 0.00139 -0.01348 -0.00112 0.00426 0.01153 0 0.03285 0.00939 0.00481 0.02524 0.00079 -0.00085 -0.00811 -0.00446 0.0105 -0.00239 0.0145 -0.00212 0.00917 0.00141 -0.00506 -0.00776 0.00514 -2e-04 0.0174 -0.00974 0.00079 0 -0.00486 4e-04 0 -0.01029 0.00112 -0.00655 0 -0.00298 -0.003 -0.00613 0 0 0 -0.00733 -0.00614 -0.00463 0.00555 0.00241 0 -0.00884 -0.0066 -0.00706 0.00413 3e-05 0.00874 -0.00662 0.00068 -0.00483 0 -0.00906 0 0 0 0.00114 0 -0.00271 -0.00527 -0.00293 0 0 0.00263 0 -0.00278 0 -0.00353 0
**Goodness_of_fit	 0.448
**Cosine_Similarity	 0.818

