#####SIGNATURE DECOMPOSITION REPORT
###./uploads/mutalisk_input_TCGA-70-6723.HcQhu3ih8e_whole_sig.txt	./uploads/mutalisk_input_TCGA-70-6723.HcQhu3ih8e_whole_sig.txt
**NUM_MUTATIONS 127
**MUT_SUBCLASSES AC>AA AC>AC AC>AG AC>AT CC>AA CC>AC CC>AG CC>AT GC>AA GC>AC GC>AG GC>AT TC>AA TC>AC TC>AG TC>AT AC>GA AC>GC AC>GG AC>GT CC>GA CC>GC CC>GG CC>GT GC>GA GC>GC GC>GG GC>GT TC>GA TC>GC TC>GG TC>GT AC>TA AC>TC AC>TG AC>TT CC>TA CC>TC CC>TG CC>TT GC>TA GC>TC GC>TG GC>TT TC>TA TC>TC TC>TG TC>TT AT>AA AT>AC AT>AG AT>AT CT>AA CT>AC CT>AG CT>AT GT>AA GT>AC GT>AG GT>AT TT>AA TT>AC TT>AG TT>AT AT>CA AT>CC AT>CG AT>CT CT>CA CT>CC CT>CG CT>CT GT>CA GT>CC GT>CG GT>CT TT>CA TT>CC TT>CG TT>CT AT>GA AT>GC AT>GG AT>GT CT>GA CT>GC CT>GG CT>GT GT>GA GT>GC GT>GG GT>GT TT>GA TT>GC TT>GG TT>GT
**THIS_SPECTRUM 0.00787 0.00787 0.03937 0.00787 0.00787 0.00787 0.0315 0.02362 0.00787 0.00787 0.01575 0.00787 0.01575 0.0315 0.03937 0.01575 0 0.01575 0.00787 0 0 0.00787 0.00787 0.01575 0.01575 0.00787 0.01575 0 0.00787 0.00787 0.01575 0.00787 0.02362 0.00787 0.00787 0.00787 0.00787 0.0315 0.04724 0.00787 0.00787 0.02362 0.04724 0.00787 0 0.0315 0.01575 0.00787 0 0 0.01575 0.00787 0 0.02362 0.0315 0.01575 0 0.00787 0.02362 0 0.00787 0 0.00787 0.00787 0.00787 0 0.01575 0.00787 0 0.01575 0.02362 0.00787 0.00787 0 0 0 0.01575 0 0.01575 0 0 0 0 0 0.00787 0 0 0.00787 0 0.00787 0 0.00787 0 0 0 0.00787
**THIS_SIGs_NUMBER 3
**THIS_SIGs 3 5 6
**THIS_SIG_CONTRIBUTIONS 0.70066 0.13047 0.16887
**MAXLIK_SPECTRUM 0.01621 0.01288 0.00148 0.00944 0.01704 0.01922 0.00249 0.01326 0.0064 0.00879 0.00137 0.0081 0.00698 0.01305 0.00132 0.00877 0 0.00899 4e-04 0 0 0.01107 0.00139 0.01687 0.00951 0.00683 0.00189 0 0.01035 0.01523 0.00059 0.01812 0.02503 0.01489 0.02287 0.01495 0.01611 0.01913 0.02445 0.02146 0.02983 0.03095 0.03203 0.02291 0 0.01409 0.01155 0.00964 0 0 0.00794 0.00537 0 0.01324 0.00992 0.00949 0 0.0057 0.0087 0 0.00546 0 0.00533 0.01032 0.01796 0 0.01432 0.0172 0 0.01169 0.01069 0.01323 0.00927 0 0 0 0.01325 0 0.00687 0 0 0 0 0 0.00341 0 0 0.0061 0 0.0019 0 0.00452 0 0 0 0.00929
**MAXLIK_RESIDUALS	 -0.00834 -0.00501 0.03789 -0.00157 -0.00917 -0.01134 0.02901 0.01036 0.00148 -0.00092 0.01438 -0.00023 0.00877 0.01844 0.03805 0.00698 0 0.00676 0.00747 0 0 -0.00319 0.00648 -0.00112 0.00624 0.00105 0.01386 0 -0.00247 -0.00736 0.01516 -0.01024 -0.00141 -0.00702 -0.015 -0.00707 -0.00823 0.01236 0.02279 -0.01359 -0.02195 -0.00733 0.01521 -0.01503 0 0.0174 0.0042 -0.00177 0 0 0.0078 0.0025 0 0.01038 0.02157 0.00626 0 0.00217 0.01493 0 0.00241 0 0.00254 -0.00245 -0.01009 0 0.00143 -0.00933 0 0.00406 0.01293 -0.00535 -0.00139 0 0 0 0.0025 0 0.00888 0 0 0 0 0 0.00447 0 0 0.00178 0 0.00598 0 0.00335 0 0 0 -0.00141
**Goodness_of_fit	 0.4
**Cosine_Similarity	 0.748

