#####SIGNATURE DECOMPOSITION REPORT
###./uploads/mutalisk_input_TCGA-66-2800.HcQhu3ih8e_whole_sig.txt	./uploads/mutalisk_input_TCGA-66-2800.HcQhu3ih8e_whole_sig.txt
**NUM_MUTATIONS 261
**MUT_SUBCLASSES AC>AA AC>AC AC>AG AC>AT CC>AA CC>AC CC>AG CC>AT GC>AA GC>AC GC>AG GC>AT TC>AA TC>AC TC>AG TC>AT AC>GA AC>GC AC>GG AC>GT CC>GA CC>GC CC>GG CC>GT GC>GA GC>GC GC>GG GC>GT TC>GA TC>GC TC>GG TC>GT AC>TA AC>TC AC>TG AC>TT CC>TA CC>TC CC>TG CC>TT GC>TA GC>TC GC>TG GC>TT TC>TA TC>TC TC>TG TC>TT AT>AA AT>AC AT>AG AT>AT CT>AA CT>AC CT>AG CT>AT GT>AA GT>AC GT>AG GT>AT TT>AA TT>AC TT>AG TT>AT AT>CA AT>CC AT>CG AT>CT CT>CA CT>CC CT>CG CT>CT GT>CA GT>CC GT>CG GT>CT TT>CA TT>CC TT>CG TT>CT AT>GA AT>GC AT>GG AT>GT CT>GA CT>GC CT>GG CT>GT GT>GA GT>GC GT>GG GT>GT TT>GA TT>GC TT>GG TT>GT
**THIS_SPECTRUM 0.01149 0.01916 0.02299 0.00766 0.02299 0.04598 0.01533 0.01533 0.01533 0.04215 0.01533 0.01149 0.02299 0.01916 0.01916 0.02682 0.00383 0.00766 0 0.00766 0.01149 0.01149 0.00766 0.00766 0.00383 0.00383 0.00766 0.00766 0.00383 0.00766 0 0.01533 0.00383 0.01916 0.03831 0.00383 0.03831 0.01916 0.00766 0.03065 0.00383 0.03065 0.0613 0.01916 0.02299 0.01916 0.02682 0.02682 0.00383 0.00383 0.00383 0 0.00383 0.00383 0.01533 0 0.00766 0 0 0.00383 0.00383 0.00766 0 0 0.00766 0.00383 0.02299 0.00383 0 0.00383 0.00766 0.00766 0.00766 0.00383 0.00766 0.00766 0 0.00383 0 0.00383 0 0.00383 0 0 0.00383 0 0.00766 0.00766 0 0 0.00766 0.00383 0 0 0.00383 0
**THIS_SIGs_NUMBER 3
**THIS_SIGs 2 3 6
**THIS_SIG_CONTRIBUTIONS 0.04078 0.75124 0.20798
**MAXLIK_SPECTRUM 0.01571 0.01251 0.00133 0.00921 0.01729 0.01986 0.00223 0.01358 0.00545 0.00838 0.00115 0.00777 0.00642 0.01273 0.0011 0.00766 0.0149 0.00885 0 0.01313 0.01451 0.01061 0.00115 0.01676 0.00955 0.00664 0.00182 0.01112 0.01 0.01528 0 0.01773 0.024 0.01413 0.02689 0.0136 0.0151 0.01826 0.02717 0.02021 0.03179 0.03315 0.03742 0.02396 0.02868 0.01614 0.01336 0.01983 0.00415 0.00557 0.00724 0 0.00599 0.0135 0.00995 0 0.00531 0 0 0.00929 0.005 0.00792 0 0 0.01286 0.00607 0.01012 0.01311 0 0.01111 0.00869 0.01214 0.00803 0.00447 0.0087 0.00785 0 0.00698 0 0.01081 0 0.002 0 0 0.0033 0 0.00824 0.00556 0 0 0.00825 0.00454 0 0 0.00612 0
**MAXLIK_RESIDUALS	 -0.00422 0.00665 0.02166 -0.00154 0.0057 0.02612 0.0131 0.00174 0.00988 0.03377 0.01418 0.00372 0.01657 0.00643 0.01805 0.01916 -0.01107 -0.00119 0 -0.00547 -0.00301 0.00088 0.00652 -0.0091 -0.00572 -0.0028 0.00584 -0.00345 -0.00617 -0.00761 0 -0.0024 -0.02017 0.00502 0.01142 -0.00976 0.02321 9e-04 -0.01951 0.01044 -0.02796 -0.0025 0.02389 -0.00481 -0.00569 0.00301 0.01346 0.00699 -0.00032 -0.00173 -0.00341 0 -0.00216 -0.00967 0.00538 0 0.00235 0 0 -0.00546 -0.00117 -0.00026 0 0 -0.00519 -0.00223 0.01287 -0.00928 0 -0.00728 -0.00103 -0.00448 -0.00037 -0.00064 -0.00104 -0.00019 0 -0.00315 0 -0.00697 0 0.00183 0 0 0.00053 0 -0.00057 0.0021 0 0 -0.00058 -0.00071 0 0 -0.00229 0
**Goodness_of_fit	 0.442
**Cosine_Similarity	 0.802

