#####SIGNATURE DECOMPOSITION REPORT
###./uploads/mutalisk_input_TCGA-66-2792.HcQhu3ih8e_whole_sig.txt	./uploads/mutalisk_input_TCGA-66-2792.HcQhu3ih8e_whole_sig.txt
**NUM_MUTATIONS 187
**MUT_SUBCLASSES AC>AA AC>AC AC>AG AC>AT CC>AA CC>AC CC>AG CC>AT GC>AA GC>AC GC>AG GC>AT TC>AA TC>AC TC>AG TC>AT AC>GA AC>GC AC>GG AC>GT CC>GA CC>GC CC>GG CC>GT GC>GA GC>GC GC>GG GC>GT TC>GA TC>GC TC>GG TC>GT AC>TA AC>TC AC>TG AC>TT CC>TA CC>TC CC>TG CC>TT GC>TA GC>TC GC>TG GC>TT TC>TA TC>TC TC>TG TC>TT AT>AA AT>AC AT>AG AT>AT CT>AA CT>AC CT>AG CT>AT GT>AA GT>AC GT>AG GT>AT TT>AA TT>AC TT>AG TT>AT AT>CA AT>CC AT>CG AT>CT CT>CA CT>CC CT>CG CT>CT GT>CA GT>CC GT>CG GT>CT TT>CA TT>CC TT>CG TT>CT AT>GA AT>GC AT>GG AT>GT CT>GA CT>GC CT>GG CT>GT GT>GA GT>GC GT>GG GT>GT TT>GA TT>GC TT>GG TT>GT
**THIS_SPECTRUM 0.01604 0.02139 0.0107 0.00535 0.04278 0.02674 0.0107 0.05348 0.02139 0.02139 0.0107 0.02139 0.02674 0.01604 0.04813 0.01604 0.00535 0 0 0.00535 0.00535 0.00535 0.01604 0.0107 0 0.01604 0.00535 0.0107 0.00535 0.00535 0.00535 0.01604 0.00535 0.0107 0.05882 0.00535 0.03209 0.01604 0.04278 0.02139 0.02674 0.0107 0.01604 0.00535 0.01604 0.03209 0.0107 0.02139 0 0.00535 0 0 0 0 0.03209 0.00535 0 0.00535 0 0.00535 0.00535 0.00535 0 0.00535 0.0107 0 0.02674 0.0107 0 0 0 0.00535 0.00535 0.00535 0.00535 0 0 0 0 0.0107 0 0 0.00535 0 0 0.00535 0 0.00535 0 0.00535 0.00535 0 0 0.00535 0 0.00535
**THIS_SIGs_NUMBER 4
**THIS_SIGs 1 2 3 14
**THIS_SIG_CONTRIBUTIONS 0.13092 0.02998 0.71569 0.12341
**MAXLIK_SPECTRUM 0.01514 0.01373 0.00133 0.0191 0.01816 0.02078 0.00198 0.04312 0.00557 0.01061 0.00124 0.02271 0.00609 0.01536 0.00101 0.02578 0.01434 0 0 0.01263 0.01383 0.01012 0.00112 0.01598 0 0.00621 0.00175 0.01053 0.00952 0.01458 0.00038 0.0171 0.01497 0.01099 0.0529 0.01196 0.01225 0.01467 0.02878 0.0167 0.01443 0.01061 0.02892 0.00939 0.02077 0.01246 0.01709 0.01489 0 0.00552 0 0 0 0 0.00953 0.00929 0 0.00571 0 0.00894 0.00558 0.00773 0 0.00983 0.01351 0 0.01035 0.01387 0 0 0 0.01157 0.00864 0.00509 0.00931 0 0 0 0 0.01088 0 0 0.00463 0 0 0.00522 0 0.00518 0 0.00194 0.00794 0 0 0.00465 0 0.00759
**MAXLIK_RESIDUALS	 9e-04 0.00766 0.00937 -0.01375 0.02462 0.00596 0.00872 0.01036 0.01582 0.01078 0.00946 -0.00132 0.02065 0.00068 0.04712 -0.00974 -0.009 0 0 -0.00728 -0.00848 -0.00477 0.01492 -0.00529 0 0.00983 0.00359 0.00016 -0.00417 -0.00923 0.00496 -0.00106 -0.00962 -0.00029 0.00593 -0.00661 0.01983 0.00138 0.014 0.00469 0.01231 9e-05 -0.01288 -0.00404 -0.00473 0.01963 -0.0064 0.0065 0 -0.00018 0 0 0 0 0.02255 -0.00395 0 -0.00036 0 -0.0036 -0.00023 -0.00239 0 -0.00448 -0.00281 0 0.01639 -0.00318 0 0 0 -0.00623 -0.00329 0.00025 -0.00397 0 0 0 0 -0.00018 0 0 0.00072 0 0 0.00013 0 0.00017 0 0.00341 -0.0026 0 0 7e-04 0 -0.00224
**Goodness_of_fit	 0.507
**Cosine_Similarity	 0.839

