#####SIGNATURE DECOMPOSITION REPORT
###./uploads/mutalisk_input_TCGA-85-6561.HcQhu3ih8e_whole_sig.txt	./uploads/mutalisk_input_TCGA-85-6561.HcQhu3ih8e_whole_sig.txt
**NUM_MUTATIONS 963
**MUT_SUBCLASSES AC>AA AC>AC AC>AG AC>AT CC>AA CC>AC CC>AG CC>AT GC>AA GC>AC GC>AG GC>AT TC>AA TC>AC TC>AG TC>AT AC>GA AC>GC AC>GG AC>GT CC>GA CC>GC CC>GG CC>GT GC>GA GC>GC GC>GG GC>GT TC>GA TC>GC TC>GG TC>GT AC>TA AC>TC AC>TG AC>TT CC>TA CC>TC CC>TG CC>TT GC>TA GC>TC GC>TG GC>TT TC>TA TC>TC TC>TG TC>TT AT>AA AT>AC AT>AG AT>AT CT>AA CT>AC CT>AG CT>AT GT>AA GT>AC GT>AG GT>AT TT>AA TT>AC TT>AG TT>AT AT>CA AT>CC AT>CG AT>CT CT>CA CT>CC CT>CG CT>CT GT>CA GT>CC GT>CG GT>CT TT>CA TT>CC TT>CG TT>CT AT>GA AT>GC AT>GG AT>GT CT>GA CT>GC CT>GG CT>GT GT>GA GT>GC GT>GG GT>GT TT>GA TT>GC TT>GG TT>GT
**THIS_SPECTRUM 0.04258 0.00415 0.01454 0.02804 0.14849 0.04361 0 0.04258 0.00831 0.00727 0.01558 0.0135 0.08723 0.02388 0.25545 0.04881 0.00208 0.00208 0 0.00208 0.00312 0.00208 0.01246 0.00519 0 0.00104 0.00415 0 0.00727 0.00623 0 0.0135 0.00312 0.00104 0.00208 0.00415 0.00312 0.00208 0.00415 0.00519 0.00208 0.00208 0.00415 0.00519 0.01558 0.00935 0.00623 0.01142 0 0.00104 0.00312 0 0.00208 0.00208 0.00727 0.00312 0 0.00208 0.00415 0.00208 0.00104 0 0.00104 0.00208 0.00104 0.00104 0.00312 0.00104 0 0.00312 0.00623 0.00312 0.00104 0.00104 0 0.00208 0.00104 0.00208 0.00208 0 0 0 0.00312 0 0 0 0.00208 0.00104 0.00104 0.00104 0.00104 0.00104 0 0 0.00104 0.00312
**THIS_SIGs_NUMBER 3
**THIS_SIGs 2 3 14
**THIS_SIG_CONTRIBUTIONS 0.02105 0.82092 0.15803
**MAXLIK_SPECTRUM 0.01725 0.01562 0.0015 0.02307 0.02105 0.02388 0 0.05374 0.00618 0.01249 0.00135 0.02812 0.00697 0.01764 0.00116 0.03206 0.01617 0.00961 0 0.01432 0.01586 0.01159 0.00124 0.01834 0 0.0071 0.00199 0 0.01092 0.01669 0 0.01937 0.01362 0.0118 0.0063 0.01252 0.01374 0.0168 0.00373 0.01913 0.01617 0.01229 0.00044 0.01094 0.01657 0.01299 0.00258 0.01308 0 0.006 0.00797 0 0.00655 0.01508 0.01089 0.01064 0 0.00657 0.00954 0.01023 0.00538 0 0.00557 0.01096 0.01554 0.00737 0.01206 0.01515 0 0.01275 0.009 0.0133 0.00993 0.00566 0 0.01014 0.01347 0.00784 0.00637 0 0 0 0.00528 0 0 0 0.00886 0.00593 0.00365 0.00226 0.00907 0.00514 0 0 0.00663 0.00872
**MAXLIK_RESIDUALS	 0.02532 -0.01146 0.01303 0.00497 0.12744 0.01973 0 -0.01116 0.00212 -0.00522 0.01423 -0.01462 0.08026 0.00625 0.25429 0.01675 -0.0141 -0.00753 0 -0.01224 -0.01274 -0.00952 0.01123 -0.01314 0 -0.00606 0.00217 0 -0.00365 -0.01046 0 -0.00587 -0.0105 -0.01077 -0.00422 -0.00836 -0.01062 -0.01473 0.00042 -0.01393 -0.01409 -0.01021 0.00372 -0.00574 -0.00099 -0.00364 0.00365 -0.00166 0 -0.00496 -0.00485 0 -0.00447 -0.01301 -0.00362 -0.00753 0 -0.0045 -0.00539 -0.00816 -0.00435 0 -0.00453 -0.00889 -0.0145 -0.00633 -0.00894 -0.01411 0 -0.00963 -0.00277 -0.01018 -0.00889 -0.00463 0 -0.00807 -0.01243 -0.00576 -0.0043 0 0 0 -0.00217 0 0 0 -0.00678 -0.00489 -0.00261 -0.00122 -0.00803 -0.0041 0 0 -0.00559 -0.0056
**Goodness_of_fit	 -0.0589999999999999
**Cosine_Similarity	 0.344

