#####SIGNATURE DECOMPOSITION REPORT
###./uploads/mutalisk_input_TCGA-66-2789.HcQhu3ih8e_whole_sig.txt	./uploads/mutalisk_input_TCGA-66-2789.HcQhu3ih8e_whole_sig.txt
**NUM_MUTATIONS 383
**MUT_SUBCLASSES AC>AA AC>AC AC>AG AC>AT CC>AA CC>AC CC>AG CC>AT GC>AA GC>AC GC>AG GC>AT TC>AA TC>AC TC>AG TC>AT AC>GA AC>GC AC>GG AC>GT CC>GA CC>GC CC>GG CC>GT GC>GA GC>GC GC>GG GC>GT TC>GA TC>GC TC>GG TC>GT AC>TA AC>TC AC>TG AC>TT CC>TA CC>TC CC>TG CC>TT GC>TA GC>TC GC>TG GC>TT TC>TA TC>TC TC>TG TC>TT AT>AA AT>AC AT>AG AT>AT CT>AA CT>AC CT>AG CT>AT GT>AA GT>AC GT>AG GT>AT TT>AA TT>AC TT>AG TT>AT AT>CA AT>CC AT>CG AT>CT CT>CA CT>CC CT>CG CT>CT GT>CA GT>CC GT>CG GT>CT TT>CA TT>CC TT>CG TT>CT AT>GA AT>GC AT>GG AT>GT CT>GA CT>GC CT>GG CT>GT GT>GA GT>GC GT>GG GT>GT TT>GA TT>GC TT>GG TT>GT
**THIS_SPECTRUM 0.01828 0.02872 0.01305 0.01828 0.01305 0.01305 0.01567 0.0235 0.03133 0.02872 0.01567 0.01305 0.02872 0.02872 0.02611 0.01828 0.01305 0.00522 0.00783 0.00783 0.01567 0.00522 0.00261 0.00783 0.01044 0 0.00783 0.00261 0.02872 0.01828 0.01044 0.02872 0.00261 0.01305 0.02089 0.00783 0.02872 0.02872 0.0235 0.03133 0.00783 0.01044 0.01305 0.01044 0.0235 0.01305 0.01044 0.01044 0.00783 0.00261 0 0.00522 0.00522 0.00261 0.00783 0.01044 0 0 0.01828 0 0.00783 0.00261 0.00522 0.00522 0.01567 0.00522 0.02089 0 0.01044 0.00522 0.00783 0.00522 0.01567 0 0.01567 0.00783 0.00783 0.00522 0.00783 0.00522 0 0.00261 0 0 0.00261 0 0.00783 0 0 0.00261 0 0 0.00522 0 0 0
**THIS_SIGs_NUMBER 5
**THIS_SIGs 1 2 3 5 14
**THIS_SIG_CONTRIBUTIONS 0.05178 0.0223 0.7116 0.16363 0.05069
**MAXLIK_SPECTRUM 0.01687 0.01407 0.00158 0.01402 0.01807 0.0201 0.00243 0.02521 0.00693 0.01016 0.00149 0.01462 0.00731 0.01482 0.00138 0.01684 0.01577 0.00932 0.00047 0.01411 0.01488 0.01153 0.0015 0.01744 0.00981 0 0.00198 0.01157 0.01074 0.01571 0.00066 0.01889 0.01736 0.01262 0.02308 0.01356 0.01497 0.01757 0.01526 0.02026 0.01594 0.01349 0.01368 0.01162 0.01961 0.01541 0.01026 0.01596 0.00519 0.00642 0 0.00547 0.00624 0.01369 0.01025 0.00982 0 0 0.00895 0 0.00603 0.00824 0.00558 0.0109 0.02 0.00819 0.01564 0 0.00863 0.01242 0.01084 0.01379 0.01002 0 0.01083 0.01007 0.01409 0.00831 0.00725 0.01329 0 0.00244 0 0 0.00354 0 0.00865 0 0 0.00205 0 0 0.00602 0 0 0
**MAXLIK_RESIDUALS	 0.00141 0.01465 0.01148 0.00426 -0.00502 -0.00705 0.01324 -0.00171 0.0244 0.01856 0.01418 -0.00157 0.02141 0.0139 0.02473 0.00144 -0.00271 -0.0041 0.00736 -0.00627 0.00079 -0.00631 0.00112 -0.00961 0.00064 0 0.00586 -0.00896 0.01798 0.00257 0.00979 0.00983 -0.01475 0.00043 -0.0022 -0.00573 0.01375 0.01115 0.00824 0.01107 -0.00811 -0.00304 -0.00062 -0.00118 0.00389 -0.00235 0.00019 -0.00551 0.00264 -0.00381 0 -0.00024 -0.00102 -0.01108 -0.00242 0.00062 0 0 0.00933 0 0.0018 -0.00563 -0.00036 -0.00567 -0.00433 -0.00297 0.00525 0 0.00182 -0.0072 -0.003 -0.00857 0.00564 0 0.00483 -0.00224 -0.00626 -0.00309 0.00058 -0.00807 0 0.00017 0 0 -0.00093 0 -0.00082 0 0 0.00056 0 0 -8e-04 0 0 0
**Goodness_of_fit	 0.523
**Cosine_Similarity	 0.838

