#####SIGNATURE DECOMPOSITION REPORT
###./uploads/mutalisk_input_TCGA-66-2793.HcQhu3ih8e_whole_sig.txt	./uploads/mutalisk_input_TCGA-66-2793.HcQhu3ih8e_whole_sig.txt
**NUM_MUTATIONS 334
**MUT_SUBCLASSES AC>AA AC>AC AC>AG AC>AT CC>AA CC>AC CC>AG CC>AT GC>AA GC>AC GC>AG GC>AT TC>AA TC>AC TC>AG TC>AT AC>GA AC>GC AC>GG AC>GT CC>GA CC>GC CC>GG CC>GT GC>GA GC>GC GC>GG GC>GT TC>GA TC>GC TC>GG TC>GT AC>TA AC>TC AC>TG AC>TT CC>TA CC>TC CC>TG CC>TT GC>TA GC>TC GC>TG GC>TT TC>TA TC>TC TC>TG TC>TT AT>AA AT>AC AT>AG AT>AT CT>AA CT>AC CT>AG CT>AT GT>AA GT>AC GT>AG GT>AT TT>AA TT>AC TT>AG TT>AT AT>CA AT>CC AT>CG AT>CT CT>CA CT>CC CT>CG CT>CT GT>CA GT>CC GT>CG GT>CT TT>CA TT>CC TT>CG TT>CT AT>GA AT>GC AT>GG AT>GT CT>GA CT>GC CT>GG CT>GT GT>GA GT>GC GT>GG GT>GT TT>GA TT>GC TT>GG TT>GT
**THIS_SPECTRUM 0.02395 0.01497 0.01198 0.00898 0.03293 0.01796 0.01497 0.02395 0.01497 0.01198 0.01198 0.00599 0.01198 0.03293 0.00299 0.01497 0.00898 0.01198 0.01497 0.00299 0.01497 0.01198 0.00898 0.01198 0.00299 0.01198 0 0.00299 0.01796 0.01796 0.00299 0.01497 0.01198 0.01796 0.00898 0.01198 0.02395 0.00898 0.01198 0.01198 0.00599 0.01796 0.03293 0.02096 0.00898 0.02096 0.00299 0.01497 0.00299 0 0.00599 0.01198 0.00599 0.00898 0.01796 0.00599 0.01198 0.00599 0.01796 0.01497 0.00299 0 0 0.00299 0.01198 0.00898 0.01497 0.01198 0.00599 0.00898 0.01497 0.00898 0.02096 0.00599 0.00898 0.00898 0.00599 0.01497 0.00898 0.00299 0.00599 0.00299 0.00898 0.00299 0 0.00299 0.01198 0 0.00599 0.00299 0.00299 0.00599 0.00599 0.00599 0 0.00299
**THIS_SIGs_NUMBER 2
**THIS_SIGs 3 6
**THIS_SIG_CONTRIBUTIONS 0.89754 0.10246
**MAXLIK_SPECTRUM 0.01871 0.01486 0.00158 0.01097 0.02038 0.02313 0.00242 0.01481 0.00644 0.00988 0.00132 0.0091 0.00758 0.01513 0.00129 0.00903 0.01773 0.01053 0.00023 0.01564 0.01733 0.01266 0.00135 0.02002 0.0114 0.00782 0 0.01323 0.01194 0.01823 0.00047 0.02111 0.01931 0.01348 0.0146 0.01304 0.01584 0.01965 0.01451 0.02206 0.02431 0.0234 0.01871 0.01776 0.0064 0.01301 0.00622 0.00805 0.00494 0 0.00865 0.00565 0.00713 0.01603 0.01186 0.01142 0.00634 0.00676 0.01043 0.01107 0.00589 0 0 0.01171 0.01504 0.00708 0.01147 0.01558 0.0081 0.01312 0.00961 0.01431 0.00922 0.00518 0.01003 0.00925 0.01379 0.00818 0.00644 0.01265 0.00355 0.00235 0.00567 0.0036 0 0.0064 0.0097 0 0.00397 0.00212 0.00981 0.00531 0.00652 0.00567 0 0.00953
**MAXLIK_RESIDUALS	 0.00524 0.00011 0.0104 -0.00199 0.01255 -0.00516 0.01255 0.00915 0.00853 0.0021 0.01066 -0.00311 0.00439 0.0178 0.00171 0.00595 -0.00875 0.00145 0.01474 -0.01265 -0.00236 -0.00068 0.00763 -0.00804 -0.00841 0.00416 0 -0.01023 0.00602 -0.00027 0.00253 -0.00614 -0.00734 0.00449 -0.00562 -0.00107 0.00811 -0.01066 -0.00253 -0.01008 -0.01832 -0.00544 0.01422 0.00319 0.00258 0.00794 -0.00322 0.00692 -0.00194 0 -0.00266 0.00632 -0.00115 -0.00705 0.0061 -0.00543 0.00563 -0.00078 0.00753 0.0039 -0.0029 0 0 -0.00872 -0.00306 0.0019 0.0035 -0.0036 -0.00211 -0.00414 0.00536 -0.00533 0.01174 0.00081 -0.00105 -0.00027 -0.00781 0.00679 0.00254 -0.00966 0.00244 0.00064 0.00332 -0.00061 0 -0.00341 0.00228 0 0.00202 0.00087 -0.00682 0.00067 -0.00053 0.00032 0 -0.00653
**Goodness_of_fit	 0.523
**Cosine_Similarity	 0.862

