#####SIGNATURE DECOMPOSITION REPORT
###./uploads/mutalisk_input_TCGA-70-6722.HcQhu3ih8e_whole_sig.txt	./uploads/mutalisk_input_TCGA-70-6722.HcQhu3ih8e_whole_sig.txt
**NUM_MUTATIONS 305
**MUT_SUBCLASSES AC>AA AC>AC AC>AG AC>AT CC>AA CC>AC CC>AG CC>AT GC>AA GC>AC GC>AG GC>AT TC>AA TC>AC TC>AG TC>AT AC>GA AC>GC AC>GG AC>GT CC>GA CC>GC CC>GG CC>GT GC>GA GC>GC GC>GG GC>GT TC>GA TC>GC TC>GG TC>GT AC>TA AC>TC AC>TG AC>TT CC>TA CC>TC CC>TG CC>TT GC>TA GC>TC GC>TG GC>TT TC>TA TC>TC TC>TG TC>TT AT>AA AT>AC AT>AG AT>AT CT>AA CT>AC CT>AG CT>AT GT>AA GT>AC GT>AG GT>AT TT>AA TT>AC TT>AG TT>AT AT>CA AT>CC AT>CG AT>CT CT>CA CT>CC CT>CG CT>CT GT>CA GT>CC GT>CG GT>CT TT>CA TT>CC TT>CG TT>CT AT>GA AT>GC AT>GG AT>GT CT>GA CT>GC CT>GG CT>GT GT>GA GT>GC GT>GG GT>GT TT>GA TT>GC TT>GG TT>GT
**THIS_SPECTRUM 0.03279 0.03934 0.0459 0.01639 0.03279 0.04918 0.00984 0.02295 0.03607 0.03934 0.02295 0.03279 0.02295 0.05902 0.01639 0.01967 0.00984 0.00328 0.00328 0.00984 0.00328 0.00984 0.00656 0.00656 0.00656 0 0.00656 0.00656 0.01967 0.00984 0.00328 0.01311 0.00328 0 0.01311 0.00656 0.00984 0.02295 0.02295 0.01639 0 0.00656 0.01639 0.00328 0.03934 0.03279 0.01639 0.00984 0 0 0.00656 0.00328 0 0.00656 0.01967 0.00984 0.00328 0.01311 0.00656 0 0.00328 0.00328 0.00656 0.00328 0.01311 0.00656 0.00656 0 0 0 0.01639 0.00656 0 0 0.00328 0 0.00328 0 0 0.00328 0 0 0.00328 0 0 0.00328 0.00328 0 0 0.00328 0 0 0 0.00328 0 0.00328
**THIS_SIGs_NUMBER 4
**THIS_SIGs 1 2 3 14
**THIS_SIG_CONTRIBUTIONS 0.0468 0.05352 0.81825 0.08142
**MAXLIK_SPECTRUM 0.01715 0.01468 0.00148 0.01677 0.01976 0.02239 0.00217 0.03379 0.00608 0.01076 0.00129 0.01844 0.00695 0.01585 0.00116 0.02048 0.01621 0.00964 0.00022 0.01431 0.0158 0.01157 0.00125 0.01826 0.0104 0 0.00199 0.01204 0.01088 0.01664 0.00043 0.01939 0.0138 0 0.02135 0.01176 0.01372 0.01666 0.0121 0.01902 0 0.01163 0.01064 0.01011 0.03374 0.0161 0.00876 0.02277 0 0 0.00797 0.00516 0 0.01484 0.01085 0.01052 0.00579 0.00636 0.00952 0 0.00568 0.00874 0.00552 0.0109 0.01458 0.00701 0.01108 0 0 0 0.00865 0.01311 0 0 0.00988 0 0.01296 0 0 0.01182 0 0 0.00523 0 0 0.00588 0.0088 0 0 0.00209 0 0 0 0.00524 0 0.00864
**MAXLIK_RESIDUALS	 0.01563 0.02466 0.04442 -0.00038 0.01302 0.02679 0.00767 -0.01084 0.02998 0.02859 0.02166 0.01434 0.016 0.04316 0.01523 -8e-04 -0.00637 -0.00636 0.00306 -0.00448 -0.01252 -0.00173 0.00531 -0.01171 -0.00384 0 0.00457 -0.00548 0.00879 -0.0068 0.00285 -0.00628 -0.01052 0 -0.00823 -0.0052 -0.00388 0.00629 0.01085 -0.00262 0 -0.00508 0.00576 -0.00683 0.00561 0.01668 0.00764 -0.01293 0 0 -0.00141 -0.00188 0 -0.00828 0.00882 -0.00068 -0.00251 0.00676 -0.00296 0 -0.0024 -0.00546 0.00103 -0.00762 -0.00147 -0.00045 -0.00452 0 0 0 0.00775 -0.00655 0 0 -0.0066 0 -0.00968 0 0 -0.00854 0 0 -0.00195 0 0 -0.0026 -0.00552 0 0 0.00119 0 0 0 -0.00196 0 -0.00536
**Goodness_of_fit	 0.375
**Cosine_Similarity	 0.76

